# relative_time, cycles_done, cur_item, corpus_count, pending_total, pending_favs, map_size, saved_crashes, saved_hangs, max_depth, execs_per_sec, total_execs, edges_found
60, 0, 0, 12, 12, 1, 0.05%, 0, 0, 2, 301.64, 19641, 34
65, 0, 0, 12, 12, 1, 0.05%, 0, 0, 2, 316.81, 21267, 34
70, 0, 0, 12, 12, 1, 0.05%, 0, 0, 2, 317.06, 22887, 34
75, 0, 0, 12, 12, 1, 0.05%, 0, 0, 2, 336.81, 24645, 34
80, 0, 0, 12, 12, 1, 0.05%, 0, 0, 2, 342.44, 26379, 34
85, 0, 0, 12, 12, 1, 0.05%, 0, 0, 2, 358.48, 28204, 34
91, 0, 0, 12, 12, 1, 0.05%, 0, 0, 2, 350.97, 29968, 34
96, 0, 0, 13, 13, 1, 0.05%, 0, 0, 2, 339.17, 31685, 34
101, 0, 9, 13, 12, 10, 0.05%, 0, 0, 2, 337.53, 33401, 34
106, 0, 8, 13, 9, 7, 0.05%, 0, 0, 2, 331.13, 35077, 34
111, 0, 12, 14, 8, 5, 0.05%, 0, 0, 3, 319.86, 36756, 34
116, 0, 2, 14, 6, 3, 0.05%, 0, 0, 3, 339.04, 38466, 34
120, 0, 11, 14, 4, 1, 0.05%, 0, 0, 3, 351.68, 39718, 34
