# relative_time, cycles_done, cur_item, corpus_count, pending_total, pending_favs, map_size, saved_crashes, saved_hangs, max_depth, execs_per_sec, total_execs, edges_found
61, 0, 1, 6, 4, 0, 41.67%, 9, 0, 3, 129.53, 7913, 10
67, 0, 1, 6, 4, 0, 41.67%, 9, 0, 3, 128.71, 8581, 10
72, 0, 1, 7, 5, 0, 45.83%, 9, 0, 3, 130.43, 9249, 11
77, 0, 1, 7, 5, 0, 45.83%, 9, 0, 3, 128.88, 9915, 11
82, 0, 1, 7, 5, 0, 45.83%, 9, 0, 3, 129.36, 10583, 11
87, 0, 1, 7, 5, 0, 45.83%, 9, 0, 3, 123.58, 11227, 11
93, 0, 1, 7, 5, 0, 45.83%, 9, 0, 3, 123.78, 11869, 11
98, 0, 1, 7, 5, 0, 45.83%, 9, 0, 3, 122.95, 12505, 11
103, 0, 1, 7, 5, 0, 45.83%, 9, 0, 3, 118.95, 13101, 11
108, 0, 1, 7, 5, 0, 45.83%, 9, 0, 3, 126.08, 13761, 11
113, 0, 1, 7, 5, 0, 45.83%, 9, 0, 3, 130.47, 14435, 11
118, 0, 1, 7, 5, 0, 45.83%, 9, 0, 3, 123.69, 15063, 11
120, 0, 1, 7, 5, 0, 45.83%, 9, 0, 3, 126.18, 15225, 11
