# relative_time, cycles_done, cur_item, corpus_count, pending_total, pending_favs, map_size, saved_crashes, saved_hangs, max_depth, execs_per_sec, total_execs, edges_found
61, 0, 1, 12, 11, 1, 0.05%, 1, 0, 2, 303.75, 18484, 35
66, 0, 1, 12, 11, 1, 0.05%, 1, 0, 2, 292.41, 20010, 35
71, 0, 1, 12, 11, 1, 0.05%, 1, 0, 2, 299.38, 21550, 35
76, 0, 1, 12, 11, 1, 0.05%, 1, 0, 2, 305.81, 23098, 35
81, 0, 1, 12, 11, 1, 0.05%, 1, 0, 2, 301.46, 24664, 35
86, 0, 1, 12, 11, 1, 0.05%, 1, 0, 2, 305.02, 26248, 35
91, 0, 1, 12, 11, 1, 0.05%, 1, 0, 2, 329.76, 27934, 35
97, 0, 1, 12, 11, 1, 0.05%, 1, 0, 2, 316.58, 29518, 35
102, 0, 1, 12, 11, 1, 0.05%, 1, 0, 2, 302.27, 30976, 35
107, 0, 1, 12, 11, 1, 0.05%, 1, 0, 2, 310.60, 32542, 35
112, 0, 3, 12, 10, 10, 0.05%, 1, 0, 2, 284.61, 34007, 35
117, 0, 7, 12, 7, 7, 0.05%, 1, 0, 2, 290.68, 35465, 35
120, 0, 6, 12, 6, 6, 0.05%, 1, 0, 2, 301.32, 36299, 35
