# relative_time, cycles_done, cur_item, corpus_count, pending_total, pending_favs, map_size, saved_crashes, saved_hangs, max_depth, execs_per_sec, total_execs, edges_found
61, 6, 4, 5, 0, 0, 54.55%, 0, 0, 5, 378.66, 24432, 6
66, 6, 0, 5, 0, 0, 54.55%, 0, 0, 5, 380.09, 26356, 6
71, 7, 4, 5, 0, 0, 54.55%, 0, 0, 5, 401.08, 28433, 6
76, 7, 2, 5, 0, 0, 54.55%, 0, 0, 5, 378.13, 30416, 6
81, 8, 3, 5, 0, 0, 54.55%, 0, 0, 5, 363.99, 32236, 6
86, 8, 0, 5, 0, 0, 54.55%, 0, 0, 5, 391.91, 34225, 6
91, 9, 4, 5, 0, 0, 54.55%, 0, 0, 5, 381.06, 36098, 6
96, 9, 4, 5, 0, 0, 54.55%, 0, 0, 5, 385.53, 38121, 6
101, 9, 1, 5, 0, 0, 54.55%, 0, 0, 5, 390.72, 40035, 6
106, 10, 2, 5, 0, 0, 54.55%, 0, 0, 5, 364.26, 41823, 6
111, 10, 4, 6, 1, 0, 63.64%, 0, 0, 6, 385.19, 43774, 7
116, 10, 4, 6, 1, 0, 63.64%, 0, 0, 6, 395.42, 45762, 7
121, 10, 5, 6, 1, 1, 63.64%, 0, 0, 6, 372.08, 47645, 7
126, 10, 5, 7, 2, 1, 72.73%, 0, 0, 7, 336.47, 49330, 8
131, 10, 5, 8, 3, 1, 81.82%, 0, 0, 7, 331.48, 51066, 9
137, 10, 5, 8, 3, 1, 81.82%, 0, 0, 7, 344.87, 52824, 9
142, 10, 5, 8, 3, 1, 81.82%, 0, 0, 7, 313.24, 54528, 9
147, 10, 6, 8, 2, 2, 81.82%, 0, 0, 7, 324.75, 56145, 9
152, 10, 7, 8, 1, 1, 81.82%, 0, 0, 7, 316.00, 57751, 9
157, 11, 5, 8, 0, 0, 81.82%, 0, 0, 7, 313.17, 59361, 9
162, 11, 5, 8, 0, 0, 81.82%, 0, 0, 7, 389.78, 61391, 9
167, 11, 3, 8, 0, 0, 81.82%, 0, 0, 7, 352.98, 63145, 9
172, 11, 6, 8, 0, 0, 81.82%, 0, 0, 7, 304.53, 64706, 9
177, 11, 0, 8, 0, 0, 81.82%, 0, 0, 7, 369.60, 66578, 9
182, 11, 7, 8, 0, 0, 81.82%, 0, 0, 7, 343.41, 68289, 9
187, 11, 7, 8, 0, 0, 81.82%, 0, 0, 7, 321.70, 69891, 9
192, 12, 1, 8, 0, 0, 81.82%, 0, 0, 7, 367.60, 71693, 9
198, 12, 2, 8, 0, 0, 81.82%, 0, 0, 7, 356.28, 73594, 9
203, 12, 3, 8, 0, 0, 81.82%, 0, 0, 7, 340.14, 75292, 9
208, 13, 6, 8, 0, 0, 81.82%, 0, 0, 7, 342.59, 77044, 9
213, 13, 2, 8, 0, 0, 81.82%, 0, 0, 7, 346.44, 78768, 9
218, 14, 4, 8, 0, 0, 81.82%, 0, 0, 7, 364.22, 80588, 9
223, 14, 5, 8, 0, 0, 81.82%, 0, 0, 7, 357.47, 82520, 9
228, 14, 7, 8, 0, 0, 81.82%, 0, 0, 7, 344.69, 84239, 9
233, 14, 7, 8, 0, 0, 81.82%, 0, 0, 7, 335.26, 85949, 9
238, 14, 4, 8, 0, 0, 81.82%, 0, 0, 7, 361.29, 87750, 9
243, 14, 3, 8, 0, 0, 81.82%, 0, 0, 7, 334.35, 89428, 9
248, 15, 1, 8, 0, 0, 81.82%, 0, 0, 7, 341.37, 91128, 9
253, 15, 5, 8, 0, 0, 81.82%, 0, 0, 7, 297.77, 92554, 9
258, 15, 7, 8, 0, 0, 81.82%, 0, 0, 7, 312.28, 94083, 9
263, 15, 7, 8, 0, 0, 81.82%, 0, 0, 7, 326.52, 95739, 9
268, 15, 4, 8, 0, 0, 81.82%, 0, 0, 7, 295.35, 97183, 9
273, 16, 6, 8, 0, 0, 81.82%, 0, 0, 7, 346.40, 99038, 9
278, 16, 6, 8, 0, 0, 81.82%, 0, 0, 7, 387.96, 101040, 9
284, 16, 6, 8, 0, 0, 81.82%, 0, 0, 7, 368.78, 102892, 9
289, 16, 7, 8, 0, 0, 81.82%, 0, 0, 7, 357.77, 104669, 9
294, 16, 7, 8, 0, 0, 81.82%, 0, 0, 7, 323.28, 106231, 9
299, 17, 4, 8, 0, 0, 81.82%, 0, 0, 7, 363.60, 108073, 9
304, 17, 0, 8, 0, 0, 81.82%, 0, 0, 7, 355.40, 109883, 9
309, 17, 2, 8, 0, 0, 81.82%, 0, 0, 7, 323.97, 111528, 9
314, 17, 2, 8, 0, 0, 81.82%, 0, 0, 7, 381.72, 113532, 9
319, 18, 3, 8, 0, 0, 81.82%, 0, 0, 7, 349.55, 115315, 9
324, 18, 6, 8, 0, 0, 81.82%, 0, 0, 7, 343.75, 117021, 9
329, 18, 1, 8, 0, 0, 81.82%, 0, 0, 7, 343.22, 118744, 9
335, 19, 7, 8, 0, 0, 81.82%, 0, 0, 7, 327.72, 120545, 9
340, 19, 7, 8, 0, 0, 81.82%, 0, 0, 7, 297.65, 122039, 9
345, 19, 5, 8, 0, 0, 81.82%, 0, 0, 7, 338.25, 123753, 9
350, 19, 6, 8, 0, 0, 81.82%, 0, 0, 7, 323.24, 125418, 9
355, 19, 7, 8, 0, 0, 81.82%, 0, 0, 7, 321.04, 127007, 9
360, 19, 7, 8, 0, 0, 81.82%, 0, 0, 7, 311.40, 128573, 9
365, 19, 3, 8, 0, 0, 81.82%, 0, 0, 7, 330.87, 130233, 9
370, 20, 3, 8, 0, 0, 81.82%, 0, 0, 7, 350.10, 132066, 9
375, 20, 3, 8, 0, 0, 81.82%, 0, 0, 7, 350.13, 133799, 9
380, 20, 6, 8, 0, 0, 81.82%, 0, 0, 7, 308.78, 135312, 9
385, 20, 3, 8, 0, 0, 81.82%, 0, 0, 7, 316.37, 136956, 9
390, 21, 6, 8, 0, 0, 81.82%, 0, 0, 7, 309.77, 138496, 9
395, 21, 2, 8, 0, 0, 81.82%, 0, 0, 7, 327.75, 140113, 9
400, 21, 4, 8, 0, 0, 81.82%, 0, 0, 7, 313.43, 141654, 9
405, 21, 4, 8, 0, 0, 81.82%, 0, 0, 7, 326.37, 143367, 9
410, 22, 6, 8, 0, 0, 81.82%, 0, 0, 7, 325.90, 145036, 9
416, 22, 3, 8, 0, 0, 81.82%, 0, 0, 7, 325.20, 146674, 9
421, 22, 5, 8, 0, 0, 81.82%, 0, 0, 7, 318.26, 148265, 9
426, 23, 0, 8, 0, 0, 81.82%, 0, 0, 7, 363.51, 150129, 9
431, 23, 6, 8, 0, 0, 81.82%, 0, 0, 7, 352.79, 151908, 9
436, 23, 3, 8, 0, 0, 81.82%, 0, 0, 7, 312.22, 153486, 9
441, 23, 6, 8, 0, 0, 81.82%, 0, 0, 7, 331.25, 155139, 9
446, 23, 5, 8, 0, 0, 81.82%, 0, 0, 7, 343.35, 156902, 9
451, 24, 6, 8, 0, 0, 81.82%, 0, 0, 7, 326.28, 158514, 9
456, 24, 5, 8, 0, 0, 81.82%, 0, 0, 7, 330.72, 160083, 9
461, 24, 6, 8, 0, 0, 81.82%, 0, 0, 7, 307.25, 161750, 9
466, 24, 5, 8, 0, 0, 81.82%, 0, 0, 7, 310.83, 163309, 9
471, 24, 6, 8, 0, 0, 81.82%, 0, 0, 7, 299.34, 164806, 9
476, 25, 1, 8, 0, 0, 81.82%, 0, 0, 7, 311.61, 166380, 9
481, 25, 0, 8, 0, 0, 81.82%, 0, 0, 7, 327.45, 168089, 9
487, 25, 0, 8, 0, 0, 81.82%, 0, 0, 7, 362.44, 169995, 9
492, 25, 7, 8, 0, 0, 81.82%, 0, 0, 7, 322.60, 171585, 9
497, 25, 7, 8, 0, 0, 81.82%, 0, 0, 7, 261.88, 172893, 9
502, 25, 3, 8, 0, 0, 81.82%, 0, 0, 7, 289.59, 174366, 9
507, 26, 5, 8, 0, 0, 81.82%, 0, 0, 7, 348.01, 176184, 9
512, 26, 6, 8, 0, 0, 81.82%, 0, 0, 7, 368.58, 178061, 9
517, 26, 5, 8, 0, 0, 81.82%, 0, 0, 7, 329.01, 179637, 9
522, 26, 7, 8, 0, 0, 81.82%, 0, 0, 7, 329.05, 181358, 9
526, 26, 7, 8, 0, 0, 81.82%, 0, 0, 7, 338.23, 182544, 9
